#                                                                              --- full sequence --- -------------- this domain -------------   hmm coord   ali coord   env coord
# target name          accession   tlen query name           accession   qlen   E-value  score  bias   #  of  c-Evalue  i-Evalue  score  bias  from    to  from    to  from    to  acc description of target
#  ------------------- ---------- ----- -------------------- ---------- ----- --------- ------ ----- --- --- --------- --------- ------ ----- ----- ----- ----- ----- ----- ----- ---- ---------------------
Utg33266:206915-208570 -            552 21513at4891          -            350  3.4e-125  415.2  34.4   1   5      0.19   1.7e+02   -1.5   0.0    10    25    21    36    13    50 0.79 -
Utg33266:206915-208570 -            552 21513at4891          -            350  3.4e-125  415.2  34.4   2   5     0.091        81   -0.4   0.2    22    41    53    72    38   109 0.65 -
Utg33266:206915-208570 -            552 21513at4891          -            350  3.4e-125  415.2  34.4   3   5   1.4e-10   1.2e-07   28.6   4.0    27   110    93   204    81   229 0.80 -
Utg33266:206915-208570 -            552 21513at4891          -            350  3.4e-125  415.2  34.4   4   5   3.9e-83   3.5e-80  267.2   9.8   118   278   251   429   238   439 0.87 -
Utg33266:206915-208570 -            552 21513at4891          -            350  3.4e-125  415.2  34.4   5   5     4e-41   3.6e-38  129.0   1.7   267   346   438   518   433   525 0.92 -
Utg33280:548112-550655 -            848 21513at4891          -            350   2.4e-07   27.6   3.6   1   3      0.28   2.5e+02   -2.1   0.7    64   161   132   227   113   238 0.61 -
Utg33280:548112-550655 -            848 21513at4891          -            350   2.4e-07   27.6   3.6   2   3         1     9e+02   -3.9   0.3    75   128   272   325   256   330 0.57 -
Utg33280:548112-550655 -            848 21513at4891          -            350   2.4e-07   27.6   3.6   3   3   2.6e-10   2.4e-07   27.6   3.6   166   328   419   610   401   628 0.67 -
Utg33254:140022-142010 -            663 21513at4891          -            350   0.00061   16.4   2.0   1   3      0.82   7.3e+02   -3.6   0.1    50    73   311   334   293   348 0.55 -
Utg33254:140022-142010 -            663 21513at4891          -            350   0.00061   16.4   2.0   2   3      0.15   1.3e+02   -1.1   0.1   168   199   473   509   452   528 0.60 -
Utg33254:140022-142010 -            663 21513at4891          -            350   0.00061   16.4   2.0   3   3   1.4e-06    0.0013   15.3   0.0   212   306   550   648   528   660 0.83 -
#
# Program:         hmmsearch
# Version:         3.1b2 (February 2015)
# Pipeline mode:   SEARCH
# Query file:      /home/inf-34-2022/Documents/BINP29/DeNovo_LongReads/Busco/busco_downloads/lineages/saccharomycetes_odb10/hmms/21513at4891.hmm
# Target file:     /home/inf-34-2022/Documents/BINP29/DeNovo_LongReads/Busco/busco_output/run_saccharomycetes_odb10/metaeuk_output/initial_results/SRRoutput.fasta.modified.fas
# Option settings: hmmsearch --domtblout /home/inf-34-2022/Documents/BINP29/DeNovo_LongReads/Busco/busco_output/run_saccharomycetes_odb10/hmmer_output/initial_run_results/21513at4891.out --cpu 1 /home/inf-34-2022/Documents/BINP29/DeNovo_LongReads/Busco/busco_downloads/lineages/saccharomycetes_odb10/hmms/21513at4891.hmm /home/inf-34-2022/Documents/BINP29/DeNovo_LongReads/Busco/busco_output/run_saccharomycetes_odb10/metaeuk_output/initial_results/SRRoutput.fasta.modified.fas 
# Current dir:     /home/inf-34-2022/Documents/BINP29/DeNovo_LongReads/Busco
# Date:            Fri Feb 24 12:02:28 2023
# [ok]
