#                                                                              --- full sequence --- -------------- this domain -------------   hmm coord   ali coord   env coord
# target name          accession   tlen query name           accession   qlen   E-value  score  bias   #  of  c-Evalue  i-Evalue  score  bias  from    to  from    to  from    to  acc description of target
#  ------------------- ---------- ----- -------------------- ---------- ----- --------- ------ ----- --- --- --------- --------- ------ ----- ----- ----- ----- ----- ----- ----- ---- ---------------------
Utg33272:442266-443255 -            330 28953at4891          -            165   1.8e-62  207.6  12.9   1   3   6.4e-30   2.8e-27   93.1   1.1     2   118     6   149     5   153 0.77 -
Utg33272:442266-443255 -            330 28953at4891          -            165   1.8e-62  207.6  12.9   2   3   0.00022     0.097   10.1   1.4    87   124   136   173   134   179 0.84 -
Utg33272:442266-443255 -            330 28953at4891          -            165   1.8e-62  207.6  12.9   3   3   3.8e-34   1.7e-31  106.9   0.5   105   165   264   326   225   326 0.84 -
Utg33262:296392-297234 -            281 28953at4891          -            165   3.5e-24   83.1   6.6   1   1   1.3e-26     6e-24   82.3   6.1    96   165   197   268   155   268 0.73 -
Utg33260:423733-424311 -            193 28953at4891          -            165   2.7e-22   76.9  13.1   1   1   3.8e-23   1.7e-20   71.1  13.1    12   164     9   190     4   192 0.58 -
Utg33250:330415-331461 -            349 28953at4891          -            165   2.3e-09   34.9   5.6   1   3   5.1e-12   2.3e-09   34.9   5.6   117   165    17    68    10    68 0.85 -
Utg33250:330415-331461 -            349 28953at4891          -            165   2.3e-09   34.9   5.6   2   3      0.61   2.7e+02   -1.1   0.2    87    97   229   239   141   277 0.53 -
Utg33250:330415-331461 -            349 28953at4891          -            165   2.3e-09   34.9   5.6   3   3     0.051        23    2.4   0.1    27    68   300   341   277   347 0.79 -
Utg33264:385823-387730 -            636 28953at4891          -            165   0.00068   17.1   1.2   1   2   1.5e-06   0.00068   17.1   1.2   111   165   211   266   171   266 0.70 -
Utg33264:385823-387730 -            636 28953at4891          -            165   0.00068   17.1   1.2   2   2      0.39   1.7e+02   -0.5   2.0   134   162   397   426   360   428 0.74 -
Utg33274:100221-102404 -            728 28953at4891          -            165     0.011   13.2   0.4   1   1   4.7e-05     0.021   12.3   0.4   135   165   251   282   160   282 0.82 -
#
# Program:         hmmsearch
# Version:         3.1b2 (February 2015)
# Pipeline mode:   SEARCH
# Query file:      /home/inf-34-2022/Documents/BINP29/DeNovo_LongReads/Busco/busco_downloads/lineages/saccharomycetes_odb10/hmms/28953at4891.hmm
# Target file:     /home/inf-34-2022/Documents/BINP29/DeNovo_LongReads/Busco/busco_output/run_saccharomycetes_odb10/metaeuk_output/initial_results/SRRoutput.fasta.modified.fas
# Option settings: hmmsearch --domtblout /home/inf-34-2022/Documents/BINP29/DeNovo_LongReads/Busco/busco_output/run_saccharomycetes_odb10/hmmer_output/initial_run_results/28953at4891.out --cpu 1 /home/inf-34-2022/Documents/BINP29/DeNovo_LongReads/Busco/busco_downloads/lineages/saccharomycetes_odb10/hmms/28953at4891.hmm /home/inf-34-2022/Documents/BINP29/DeNovo_LongReads/Busco/busco_output/run_saccharomycetes_odb10/metaeuk_output/initial_results/SRRoutput.fasta.modified.fas 
# Current dir:     /home/inf-34-2022/Documents/BINP29/DeNovo_LongReads/Busco
# Date:            Fri Feb 24 12:02:48 2023
# [ok]
